क	[41858]
का	[41858, 17937]
कि	[41858, 33279]
की	[41858, 31881]
कु	[41858, 8703, 223]
कू	[41858, 8703, 224]
के	[41858, 21981]
कै	[41858, 43372]
को	[41858, 33926]
कौ	[41858, 8703, 234]
कं	[41858, 31945]
कः	[41858, 3941, 225]
ख	[3941, 244]
खा	[3941, 244, 17937]
खि	[3941, 244, 33279]
खी	[3941, 244, 31881]
खु	[3941, 244, 8703, 223]
खू	[3941, 244, 8703, 224]
खे	[3941, 244, 21981]
खै	[3941, 244, 43372]
खो	[3941, 244, 33926]
खौ	[3941, 244, 8703, 234]
खं	[3941, 244, 31945]
खः	[3941, 244, 3941, 225]
ग	[3941, 245]
गा	[3941, 245, 17937]
गि	[3941, 245, 33279]
गी	[3941, 245, 31881]
गु	[3941, 245, 8703, 223]
गू	[3941, 245, 8703, 224]
गे	[3941, 245, 21981]
गै	[3941, 245, 43372]
गो	[3941, 245, 33926]
गौ	[3941, 245, 8703, 234]
गं	[3941, 245, 31945]
गः	[3941, 245, 3941, 225]
घ	[3941, 246]
घा	[3941, 246, 17937]
घि	[3941, 246, 33279]
घी	[3941, 246, 31881]
घु	[3941, 246, 8703, 223]
घू	[3941, 246, 8703, 224]
घे	[3941, 246, 21981]
घै	[3941, 246, 43372]
घो	[3941, 246, 33926]
घौ	[3941, 246, 8703, 234]
घं	[3941, 246, 31945]
घः	[3941, 246, 3941, 225]
ङ	[3941, 247]
ङा	[3941, 247, 17937]
ङि	[3941, 247, 33279]
ङी	[3941, 247, 31881]
ङु	[3941, 247, 8703, 223]
ङू	[3941, 247, 8703, 224]
ङे	[3941, 247, 21981]
ङै	[3941, 247, 43372]
ङो	[3941, 247, 33926]
ङौ	[3941, 247, 8703, 234]
ङं	[3941, 247, 31945]
ङः	[3941, 247, 3941, 225]
च	[3941, 248]
चा	[3941, 248, 17937]
चि	[3941, 248, 33279]
ची	[3941, 248, 31881]
चु	[3941, 248, 8703, 223]
चू	[3941, 248, 8703, 224]
चे	[3941, 248, 21981]
चै	[3941, 248, 43372]
चो	[3941, 248, 33926]
चौ	[3941, 248, 8703, 234]
चं	[3941, 248, 31945]
चः	[3941, 248, 3941, 225]
छ	[3941, 249]
छा	[3941, 249, 17937]
छि	[3941, 249, 33279]
छी	[3941, 249, 31881]
छु	[3941, 249, 8703, 223]
छू	[3941, 249, 8703, 224]
छे	[3941, 249, 21981]
छै	[3941, 249, 43372]
छो	[3941, 249, 33926]
छौ	[3941, 249, 8703, 234]
छं	[3941, 249, 31945]
छः	[3941, 249, 3941, 225]
ज	[3941, 250]
जा	[3941, 250, 17937]
जि	[3941, 250, 33279]
जी	[3941, 250, 31881]
जु	[3941, 250, 8703, 223]
जू	[3941, 250, 8703, 224]
जे	[3941, 250, 21981]
जै	[3941, 250, 43372]
जो	[3941, 250, 33926]
जौ	[3941, 250, 8703, 234]
जं	[3941, 250, 31945]
जः	[3941, 250, 3941, 225]
झ	[3941, 251]
झा	[3941, 251, 17937]
झि	[3941, 251, 33279]
झी	[3941, 251, 31881]
झु	[3941, 251, 8703, 223]
झू	[3941, 251, 8703, 224]
झे	[3941, 251, 21981]
झै	[3941, 251, 43372]
झो	[3941, 251, 33926]
झौ	[3941, 251, 8703, 234]
झं	[3941, 251, 31945]
झः	[3941, 251, 3941, 225]
ञ	[3941, 252]
ञा	[3941, 252, 17937]
ञि	[3941, 252, 33279]
ञी	[3941, 252, 31881]
ञु	[3941, 252, 8703, 223]
ञू	[3941, 252, 8703, 224]
ञे	[3941, 252, 21981]
ञै	[3941, 252, 43372]
ञो	[3941, 252, 33926]
ञौ	[3941, 252, 8703, 234]
ञं	[3941, 252, 31945]
ञः	[3941, 252, 3941, 225]
ट	[3941, 253]
टा	[3941, 253, 17937]
टि	[3941, 253, 33279]
टी	[3941, 253, 31881]
टु	[3941, 253, 8703, 223]
टू	[3941, 253, 8703, 224]
टे	[3941, 253, 21981]
टै	[3941, 253, 43372]
टो	[3941, 253, 33926]
टौ	[3941, 253, 8703, 234]
टं	[3941, 253, 31945]
टः	[3941, 253, 3941, 225]
ठ	[3941, 254]
ठा	[3941, 254, 17937]
ठि	[3941, 254, 33279]
ठी	[3941, 254, 31881]
ठु	[3941, 254, 8703, 223]
ठू	[3941, 254, 8703, 224]
ठे	[3941, 254, 21981]
ठै	[3941, 254, 43372]
ठो	[3941, 254, 33926]
ठौ	[3941, 254, 8703, 234]
ठं	[3941, 254, 31945]
ठः	[3941, 254, 3941, 225]
ड	[3941, 94]
डा	[3941, 94, 17937]
डि	[3941, 94, 33279]
डी	[3941, 94, 31881]
डु	[3941, 94, 8703, 223]
डू	[3941, 94, 8703, 224]
डे	[3941, 94, 21981]
डै	[3941, 94, 43372]
डो	[3941, 94, 33926]
डौ	[3941, 94, 8703, 234]
डं	[3941, 94, 31945]
डः	[3941, 94, 3941, 225]
ढ	[3941, 95]
ढा	[3941, 95, 17937]
ढि	[3941, 95, 33279]
ढी	[3941, 95, 31881]
ढु	[3941, 95, 8703, 223]
ढू	[3941, 95, 8703, 224]
ढे	[3941, 95, 21981]
ढै	[3941, 95, 43372]
ढो	[3941, 95, 33926]
ढौ	[3941, 95, 8703, 234]
ढं	[3941, 95, 31945]
ढः	[3941, 95, 3941, 225]
ण	[3941, 96]
णा	[3941, 96, 17937]
णि	[3941, 96, 33279]
णी	[3941, 96, 31881]
णु	[3941, 96, 8703, 223]
णू	[3941, 96, 8703, 224]
णे	[3941, 96, 21981]
णै	[3941, 96, 43372]
णो	[3941, 96, 33926]
णौ	[3941, 96, 8703, 234]
णं	[3941, 96, 31945]
णः	[3941, 96, 3941, 225]
त	[36158]
ता	[36158, 17937]
ति	[36158, 33279]
ती	[36158, 31881]
तु	[36158, 8703, 223]
तू	[36158, 8703, 224]
ते	[36158, 21981]
तै	[36158, 43372]
तो	[36158, 33926]
तौ	[36158, 8703, 234]
तं	[36158, 31945]
तः	[36158, 3941, 225]
थ	[3941, 98]
था	[3941, 98, 17937]
थि	[3941, 98, 33279]
थी	[3941, 98, 31881]
थु	[3941, 98, 8703, 223]
थू	[3941, 98, 8703, 224]
थे	[3941, 98, 21981]
थै	[3941, 98, 43372]
थो	[3941, 98, 33926]
थौ	[3941, 98, 8703, 234]
थं	[3941, 98, 31945]
थः	[3941, 98, 3941, 225]
द	[3941, 99]
दा	[3941, 99, 17937]
दि	[3941, 99, 33279]
दी	[3941, 99, 31881]
दु	[3941, 99, 8703, 223]
दू	[3941, 99, 8703, 224]
दे	[3941, 99, 21981]
दै	[3941, 99, 43372]
दो	[3941, 99, 33926]
दौ	[3941, 99, 8703, 234]
दं	[3941, 99, 31945]
दः	[3941, 99, 3941, 225]
ध	[3941, 100]
धा	[3941, 100, 17937]
धि	[3941, 100, 33279]
धी	[3941, 100, 31881]
धु	[3941, 100, 8703, 223]
धू	[3941, 100, 8703, 224]
धे	[3941, 100, 21981]
धै	[3941, 100, 43372]
धो	[3941, 100, 33926]
धौ	[3941, 100, 8703, 234]
धं	[3941, 100, 31945]
धः	[3941, 100, 3941, 225]
न	[35082]
ना	[35082, 17937]
नि	[35082, 33279]
नी	[35082, 31881]
नु	[35082, 8703, 223]
नू	[35082, 8703, 224]
ने	[35082, 21981]
नै	[35082, 43372]
नो	[35082, 33926]
नौ	[35082, 8703, 234]
नं	[35082, 31945]
नः	[35082, 3941, 225]
प	[3941, 103]
पा	[3941, 103, 17937]
पि	[3941, 103, 33279]
पी	[3941, 103, 31881]
पु	[3941, 103, 8703, 223]
पू	[3941, 103, 8703, 224]
पे	[3941, 103, 21981]
पै	[3941, 103, 43372]
पो	[3941, 103, 33926]
पौ	[3941, 103, 8703, 234]
पं	[3941, 103, 31945]
पः	[3941, 103, 3941, 225]
फ	[3941, 104]
फा	[3941, 104, 17937]
फि	[3941, 104, 33279]
फी	[3941, 104, 31881]
फु	[3941, 104, 8703, 223]
फू	[3941, 104, 8703, 224]
फे	[3941, 104, 21981]
फै	[3941, 104, 43372]
फो	[3941, 104, 33926]
फौ	[3941, 104, 8703, 234]
फं	[3941, 104, 31945]
फः	[3941, 104, 3941, 225]
ब	[3941, 105]
बा	[3941, 105, 17937]
बि	[3941, 105, 33279]
बी	[3941, 105, 31881]
बु	[3941, 105, 8703, 223]
बू	[3941, 105, 8703, 224]
बे	[3941, 105, 21981]
बै	[3941, 105, 43372]
बो	[3941, 105, 33926]
बौ	[3941, 105, 8703, 234]
बं	[3941, 105, 31945]
बः	[3941, 105, 3941, 225]
भ	[3941, 255]
भा	[3941, 255, 17937]
भि	[3941, 255, 33279]
भी	[3941, 255, 31881]
भु	[3941, 255, 8703, 223]
भू	[3941, 255, 8703, 224]
भे	[3941, 255, 21981]
भै	[3941, 255, 43372]
भो	[3941, 255, 33926]
भौ	[3941, 255, 8703, 234]
भं	[3941, 255, 31945]
भः	[3941, 255, 3941, 225]
म	[48521]
मा	[48521, 17937]
मि	[48521, 33279]
मी	[48521, 31881]
मु	[48521, 8703, 223]
मू	[48521, 8703, 224]
मे	[48521, 21981]
मै	[48521, 43372]
मो	[48521, 33926]
मौ	[48521, 8703, 234]
मं	[48521, 31945]
मः	[48521, 3941, 225]
य	[48268]
या	[48268, 17937]
यि	[48268, 33279]
यी	[48268, 31881]
यु	[48268, 8703, 223]
यू	[48268, 8703, 224]
ये	[48268, 21981]
यै	[48268, 43372]
यो	[48268, 33926]
यौ	[48268, 8703, 234]
यं	[48268, 31945]
यः	[48268, 3941, 225]
र	[25411]
रा	[25411, 17937]
रि	[25411, 33279]
री	[25411, 31881]
रु	[25411, 8703, 223]
रू	[25411, 8703, 224]
रे	[25411, 21981]
रै	[25411, 43372]
रो	[25411, 33926]
रौ	[25411, 8703, 234]
रं	[25411, 31945]
रः	[25411, 3941, 225]
ल	[46758]
ला	[46758, 17937]
लि	[46758, 33279]
ली	[46758, 31881]
लु	[46758, 8703, 223]
लू	[46758, 8703, 224]
ले	[46758, 21981]
लै	[46758, 43372]
लो	[46758, 33926]
लौ	[46758, 8703, 234]
लं	[46758, 31945]
लः	[46758, 3941, 225]
व	[3941, 113]
वा	[3941, 113, 17937]
वि	[3941, 113, 33279]
वी	[3941, 113, 31881]
वु	[3941, 113, 8703, 223]
वू	[3941, 113, 8703, 224]
वे	[3941, 113, 21981]
वै	[3941, 113, 43372]
वो	[3941, 113, 33926]
वौ	[3941, 113, 8703, 234]
वं	[3941, 113, 31945]
वः	[3941, 113, 3941, 225]
श	[3941, 114]
शा	[3941, 114, 17937]
शि	[3941, 114, 33279]
शी	[3941, 114, 31881]
शु	[3941, 114, 8703, 223]
शू	[3941, 114, 8703, 224]
शे	[3941, 114, 21981]
शै	[3941, 114, 43372]
शो	[3941, 114, 33926]
शौ	[3941, 114, 8703, 234]
शं	[3941, 114, 31945]
शः	[3941, 114, 3941, 225]
ष	[3941, 115]
षा	[3941, 115, 17937]
षि	[3941, 115, 33279]
षी	[3941, 115, 31881]
षु	[3941, 115, 8703, 223]
षू	[3941, 115, 8703, 224]
षे	[3941, 115, 21981]
षै	[3941, 115, 43372]
षो	[3941, 115, 33926]
षौ	[3941, 115, 8703, 234]
षं	[3941, 115, 31945]
षः	[3941, 115, 3941, 225]
स	[45938]
सा	[45938, 17937]
सि	[45938, 33279]
सी	[45938, 31881]
सु	[45938, 8703, 223]
सू	[45938, 8703, 224]
से	[45938, 21981]
सै	[45938, 43372]
सो	[45938, 33926]
सौ	[45938, 8703, 234]
सं	[45938, 31945]
सः	[45938, 3941, 225]
ह	[44500]
हा	[44500, 17937]
हि	[44500, 33279]
ही	[44500, 31881]
हु	[44500, 8703, 223]
हू	[44500, 8703, 224]
हे	[44500, 21981]
है	[44500, 43372]
हो	[44500, 33926]
हौ	[44500, 8703, 234]
हं	[44500, 31945]
हः	[44500, 3941, 225]
क्ष	[41858, 27099, 3941, 115]
क्षा	[41858, 27099, 3941, 115, 17937]
क्षि	[41858, 27099, 3941, 115, 33279]
क्षी	[41858, 27099, 3941, 115, 31881]
क्षु	[41858, 27099, 3941, 115, 8703, 223]
क्षू	[41858, 27099, 3941, 115, 8703, 224]
क्षे	[41858, 27099, 3941, 115, 21981]
क्षै	[41858, 27099, 3941, 115, 43372]
क्षो	[41858, 27099, 3941, 115, 33926]
क्षौ	[41858, 27099, 3941, 115, 8703, 234]
क्षं	[41858, 27099, 3941, 115, 31945]
क्षः	[41858, 27099, 3941, 115, 3941, 225]
त्र	[36158, 27099, 25411]
त्रा	[36158, 27099, 25411, 17937]
त्रि	[36158, 27099, 25411, 33279]
त्री	[36158, 27099, 25411, 31881]
त्रु	[36158, 27099, 25411, 8703, 223]
त्रू	[36158, 27099, 25411, 8703, 224]
त्रे	[36158, 27099, 25411, 21981]
त्रै	[36158, 27099, 25411, 43372]
त्रो	[36158, 27099, 25411, 33926]
त्रौ	[36158, 27099, 25411, 8703, 234]
त्रं	[36158, 27099, 25411, 31945]
त्रः	[36158, 27099, 25411, 3941, 225]
ज्ञ	[3941, 250, 27099, 3941, 252]
ज्ञा	[3941, 250, 27099, 3941, 252, 17937]
ज्ञि	[3941, 250, 27099, 3941, 252, 33279]
ज्ञी	[3941, 250, 27099, 3941, 252, 31881]
ज्ञु	[3941, 250, 27099, 3941, 252, 8703, 223]
ज्ञू	[3941, 250, 27099, 3941, 252, 8703, 224]
ज्ञे	[3941, 250, 27099, 3941, 252, 21981]
ज्ञै	[3941, 250, 27099, 3941, 252, 43372]
ज्ञो	[3941, 250, 27099, 3941, 252, 33926]
ज्ञौ	[3941, 250, 27099, 3941, 252, 8703, 234]
ज्ञं	[3941, 250, 27099, 3941, 252, 31945]
ज्ञः	[3941, 250, 27099, 3941, 252, 3941, 225]
श्र	[3941, 114, 27099, 25411]
श्रा	[3941, 114, 27099, 25411, 17937]
श्रि	[3941, 114, 27099, 25411, 33279]
श्री	[3941, 114, 27099, 25411, 31881]
श्रु	[3941, 114, 27099, 25411, 8703, 223]
श्रू	[3941, 114, 27099, 25411, 8703, 224]
श्रे	[3941, 114, 27099, 25411, 21981]
श्रै	[3941, 114, 27099, 25411, 43372]
श्रो	[3941, 114, 27099, 25411, 33926]
श्रौ	[3941, 114, 27099, 25411, 8703, 234]
श्रं	[3941, 114, 27099, 25411, 31945]
श्रः	[3941, 114, 27099, 25411, 3941, 225]
